9.000000000000000000e+00 0.000000000000000000e+00
9.013999999999999346e+00 0.000000000000000000e+00
9.028000000000000469e+00 0.000000000000000000e+00
9.041999999999999815e+00 0.000000000000000000e+00
9.055999999999999162e+00 0.000000000000000000e+00
9.070000000000000284e+00 0.000000000000000000e+00
9.083999999999999631e+00 0.000000000000000000e+00
9.098000000000000753e+00 0.000000000000000000e+00
9.112000000000000099e+00 0.000000000000000000e+00
9.125999999999999446e+00 0.000000000000000000e+00
9.140000000000000568e+00 0.000000000000000000e+00
9.153999999999999915e+00 0.000000000000000000e+00
9.167999999999999261e+00 0.000000000000000000e+00
9.182000000000000384e+00 0.000000000000000000e+00
9.195999999999999730e+00 0.000000000000000000e+00
9.210000000000000853e+00 0.000000000000000000e+00
9.224000000000000199e+00 0.000000000000000000e+00
9.237999999999999545e+00 0.000000000000000000e+00
9.252000000000000668e+00 0.000000000000000000e+00
9.266000000000000014e+00 0.000000000000000000e+00
9.279999999999999361e+00 0.000000000000000000e+00
9.294000000000000483e+00 0.000000000000000000e+00
9.307999999999999829e+00 0.000000000000000000e+00
9.321999999999999176e+00 0.000000000000000000e+00
9.336000000000000298e+00 0.000000000000000000e+00
9.349999999999999645e+00 0.000000000000000000e+00
9.364000000000000767e+00 0.000000000000000000e+00
9.378000000000000114e+00 0.000000000000000000e+00
9.391999999999999460e+00 0.000000000000000000e+00
9.406000000000000583e+00 0.000000000000000000e+00
9.419999999999999929e+00 0.000000000000000000e+00
9.433999999999999275e+00 0.000000000000000000e+00
9.448000000000000398e+00 0.000000000000000000e+00
9.461999999999999744e+00 0.000000000000000000e+00
9.476000000000000867e+00 0.000000000000000000e+00
9.490000000000000213e+00 0.000000000000000000e+00
9.503999999999999559e+00 0.000000000000000000e+00
9.518000000000000682e+00 0.000000000000000000e+00
9.532000000000000028e+00 0.000000000000000000e+00
9.545999999999999375e+00 0.000000000000000000e+00
9.560000000000000497e+00 0.000000000000000000e+00
9.573999999999999844e+00 0.000000000000000000e+00
9.587999999999999190e+00 0.000000000000000000e+00
9.602000000000000313e+00 0.000000000000000000e+00
9.615999999999999659e+00 0.000000000000000000e+00
9.630000000000000782e+00 0.000000000000000000e+00
9.644000000000000128e+00 0.000000000000000000e+00
9.657999999999999474e+00 0.000000000000000000e+00
9.672000000000000597e+00 0.000000000000000000e+00
9.685999999999999943e+00 0.000000000000000000e+00
9.699999999999999289e+00 0.000000000000000000e+00
9.714000000000000412e+00 0.000000000000000000e+00
9.727999999999999758e+00 0.000000000000000000e+00
9.742000000000000881e+00 0.000000000000000000e+00
9.756000000000000227e+00 0.000000000000000000e+00
9.769999999999999574e+00 0.000000000000000000e+00
9.784000000000000696e+00 0.000000000000000000e+00
9.798000000000000043e+00 0.000000000000000000e+00
9.811999999999999389e+00 0.000000000000000000e+00
9.826000000000000512e+00 0.000000000000000000e+00
9.839999999999999858e+00 0.000000000000000000e+00
9.853999999999999204e+00 0.000000000000000000e+00
9.868000000000000327e+00 0.000000000000000000e+00
9.881999999999999673e+00 0.000000000000000000e+00
9.896000000000000796e+00 0.000000000000000000e+00
9.910000000000000142e+00 0.000000000000000000e+00
9.923999999999999488e+00 0.000000000000000000e+00
9.938000000000000611e+00 0.000000000000000000e+00
9.951999999999999957e+00 0.000000000000000000e+00
9.965999999999999304e+00 0.000000000000000000e+00
9.980000000000000426e+00 0.000000000000000000e+00
9.993999999999999773e+00 0.000000000000000000e+00
1.000799999999999912e+01 0.000000000000000000e+00
1.002200000000000024e+01 0.000000000000000000e+00
1.003599999999999959e+01 0.000000000000000000e+00
1.005000000000000071e+01 0.000000000000000000e+00
1.006400000000000006e+01 0.000000000000000000e+00
1.007799999999999940e+01 0.000000000000000000e+00
1.009200000000000053e+01 0.000000000000000000e+00
1.010599999999999987e+01 0.000000000000000000e+00
1.012000000000000099e+01 0.000000000000000000e+00
1.013400000000000034e+01 0.000000000000000000e+00
1.014799999999999969e+01 0.000000000000000000e+00
1.016199999999999903e+01 0.000000000000000000e+00
1.017600000000000016e+01 0.000000000000000000e+00
1.018999999999999950e+01 0.000000000000000000e+00
1.020400000000000063e+01 0.000000000000000000e+00
1.021799999999999997e+01 0.000000000000000000e+00
1.023199999999999932e+01 0.000000000000000000e+00
1.024600000000000044e+01 0.000000000000000000e+00
1.025999999999999979e+01 0.000000000000000000e+00
1.027400000000000091e+01 0.000000000000000000e+00
1.028800000000000026e+01 0.000000000000000000e+00
1.030199999999999960e+01 0.000000000000000000e+00
1.031600000000000072e+01 0.000000000000000000e+00
1.033000000000000007e+01 0.000000000000000000e+00
1.034399999999999942e+01 0.000000000000000000e+00
1.035800000000000054e+01 0.000000000000000000e+00
1.037199999999999989e+01 0.000000000000000000e+00
1.038599999999999923e+01 0.000000000000000000e+00
1.040000000000000036e+01 0.000000000000000000e+00
1.041399999999999970e+01 0.000000000000000000e+00
1.042800000000000082e+01 0.000000000000000000e+00
1.044200000000000017e+01 0.000000000000000000e+00
1.045599999999999952e+01 0.000000000000000000e+00
1.047000000000000064e+01 0.000000000000000000e+00
1.048399999999999999e+01 0.000000000000000000e+00
1.049799999999999933e+01 0.000000000000000000e+00
1.051200000000000045e+01 0.000000000000000000e+00
1.052599999999999980e+01 0.000000000000000000e+00
1.053999999999999915e+01 0.000000000000000000e+00
1.055400000000000027e+01 0.000000000000000000e+00
1.056799999999999962e+01 0.000000000000000000e+00
1.058200000000000074e+01 0.000000000000000000e+00
1.059600000000000009e+01 0.000000000000000000e+00
1.060999999999999943e+01 0.000000000000000000e+00
1.062400000000000055e+01 0.000000000000000000e+00
1.063799999999999990e+01 0.000000000000000000e+00
1.065200000000000102e+01 0.000000000000000000e+00
1.066600000000000037e+01 0.000000000000000000e+00
1.067999999999999972e+01 0.000000000000000000e+00
1.069399999999999906e+01 0.000000000000000000e+00
1.070800000000000018e+01 0.000000000000000000e+00
1.072199999999999953e+01 0.000000000000000000e+00
1.073600000000000065e+01 0.000000000000000000e+00
1.075000000000000000e+01 0.000000000000000000e+00
1.076399999999999935e+01 0.000000000000000000e+00
1.077800000000000047e+01 0.000000000000000000e+00
1.079199999999999982e+01 0.000000000000000000e+00
1.080600000000000094e+01 0.000000000000000000e+00
1.082000000000000028e+01 0.000000000000000000e+00
1.083399999999999963e+01 0.000000000000000000e+00
1.084800000000000075e+01 0.000000000000000000e+00
1.086200000000000010e+01 0.000000000000000000e+00
1.087599999999999945e+01 0.000000000000000000e+00
1.089000000000000057e+01 0.000000000000000000e+00
1.090399999999999991e+01 0.000000000000000000e+00
1.091799999999999926e+01 0.000000000000000000e+00
1.093200000000000038e+01 0.000000000000000000e+00
1.094599999999999973e+01 0.000000000000000000e+00
1.096000000000000085e+01 0.000000000000000000e+00
1.097400000000000020e+01 0.000000000000000000e+00
1.098799999999999955e+01 0.000000000000000000e+00
1.100200000000000067e+01 0.000000000000000000e+00
1.101600000000000001e+01 0.000000000000000000e+00
1.103000000000000114e+01 0.000000000000000000e+00
1.104400000000000048e+01 0.000000000000000000e+00
1.105799999999999983e+01 0.000000000000000000e+00
1.107199999999999918e+01 0.000000000000000000e+00
1.108600000000000030e+01 0.000000000000000000e+00
1.109999999999999964e+01 0.000000000000000000e+00
1.111400000000000077e+01 0.000000000000000000e+00
1.112800000000000011e+01 0.000000000000000000e+00
1.114199999999999946e+01 0.000000000000000000e+00
1.115600000000000058e+01 0.000000000000000000e+00
1.116999999999999993e+01 0.000000000000000000e+00
1.118400000000000105e+01 0.000000000000000000e+00
1.119800000000000040e+01 0.000000000000000000e+00
1.121199999999999974e+01 0.000000000000000000e+00
1.122599999999999909e+01 0.000000000000000000e+00
1.124000000000000021e+01 0.000000000000000000e+00
1.125399999999999956e+01 0.000000000000000000e+00
1.126800000000000068e+01 0.000000000000000000e+00
1.128200000000000003e+01 0.000000000000000000e+00
1.129599999999999937e+01 0.000000000000000000e+00
1.131000000000000050e+01 0.000000000000000000e+00
1.132399999999999984e+01 0.000000000000000000e+00
1.133800000000000097e+01 0.000000000000000000e+00
1.135200000000000031e+01 0.000000000000000000e+00
1.136599999999999966e+01 0.000000000000000000e+00
1.137999999999999901e+01 0.000000000000000000e+00
1.139400000000000013e+01 0.000000000000000000e+00
1.140799999999999947e+01 0.000000000000000000e+00
1.142200000000000060e+01 0.000000000000000000e+00
1.143599999999999994e+01 0.000000000000000000e+00
1.144999999999999929e+01 0.000000000000000000e+00
1.146400000000000041e+01 0.000000000000000000e+00
1.147799999999999976e+01 0.000000000000000000e+00
1.149200000000000088e+01 0.000000000000000000e+00
1.150600000000000023e+01 0.000000000000000000e+00
1.151999999999999957e+01 0.000000000000000000e+00
1.153400000000000070e+01 0.000000000000000000e+00
1.154800000000000004e+01 0.000000000000000000e+00
1.156199999999999939e+01 0.000000000000000000e+00
1.157600000000000051e+01 0.000000000000000000e+00
1.158999999999999986e+01 0.000000000000000000e+00
1.160399999999999920e+01 0.000000000000000000e+00
1.161800000000000033e+01 0.000000000000000000e+00
1.163199999999999967e+01 0.000000000000000000e+00
1.164600000000000080e+01 0.000000000000000000e+00
1.166000000000000014e+01 0.000000000000000000e+00
1.167399999999999949e+01 0.000000000000000000e+00
1.168800000000000061e+01 0.000000000000000000e+00
1.170199999999999996e+01 0.000000000000000000e+00
1.171600000000000108e+01 0.000000000000000000e+00
1.173000000000000043e+01 0.000000000000000000e+00
1.174399999999999977e+01 0.000000000000000000e+00
1.175799999999999912e+01 0.000000000000000000e+00
1.177200000000000024e+01 0.000000000000000000e+00
1.178599999999999959e+01 0.000000000000000000e+00
1.180000000000000071e+01 0.000000000000000000e+00
1.181400000000000006e+01 0.000000000000000000e+00
1.182799999999999940e+01 0.000000000000000000e+00
1.184200000000000053e+01 0.000000000000000000e+00
1.185599999999999987e+01 0.000000000000000000e+00
1.187000000000000099e+01 0.000000000000000000e+00
1.188400000000000034e+01 0.000000000000000000e+00
1.189799999999999969e+01 0.000000000000000000e+00
1.191199999999999903e+01 0.000000000000000000e+00
1.192600000000000016e+01 0.000000000000000000e+00
1.193999999999999950e+01 0.000000000000000000e+00
1.195400000000000063e+01 0.000000000000000000e+00
1.196799999999999997e+01 0.000000000000000000e+00
1.198199999999999932e+01 0.000000000000000000e+00
1.199600000000000044e+01 0.000000000000000000e+00
1.200999999999999979e+01 0.000000000000000000e+00
1.202400000000000091e+01 0.000000000000000000e+00
1.203800000000000026e+01 0.000000000000000000e+00
1.205199999999999960e+01 0.000000000000000000e+00
1.206600000000000072e+01 0.000000000000000000e+00
1.208000000000000007e+01 0.000000000000000000e+00
1.209399999999999942e+01 0.000000000000000000e+00
1.210800000000000054e+01 0.000000000000000000e+00
1.212199999999999989e+01 0.000000000000000000e+00
1.213599999999999923e+01 0.000000000000000000e+00
1.215000000000000036e+01 0.000000000000000000e+00
1.216399999999999970e+01 0.000000000000000000e+00
1.217800000000000082e+01 0.000000000000000000e+00
1.219200000000000017e+01 0.000000000000000000e+00
1.220599999999999952e+01 0.000000000000000000e+00
1.222000000000000064e+01 0.000000000000000000e+00
1.223399999999999999e+01 0.000000000000000000e+00
1.224800000000000111e+01 0.000000000000000000e+00
1.226200000000000045e+01 0.000000000000000000e+00
1.227599999999999980e+01 0.000000000000000000e+00
1.228999999999999915e+01 0.000000000000000000e+00
1.230400000000000027e+01 0.000000000000000000e+00
1.231799999999999962e+01 0.000000000000000000e+00
1.233200000000000074e+01 0.000000000000000000e+00
1.234600000000000009e+01 0.000000000000000000e+00
1.235999999999999943e+01 0.000000000000000000e+00
1.237400000000000055e+01 0.000000000000000000e+00
1.238799999999999990e+01 0.000000000000000000e+00
1.240200000000000102e+01 0.000000000000000000e+00
1.241600000000000037e+01 0.000000000000000000e+00
1.242999999999999972e+01 0.000000000000000000e+00
1.244399999999999906e+01 0.000000000000000000e+00
1.245800000000000018e+01 0.000000000000000000e+00
1.247199999999999953e+01 0.000000000000000000e+00
1.248600000000000065e+01 0.000000000000000000e+00
1.250000000000000000e+01 0.000000000000000000e+00
1.251399999999999935e+01 0.000000000000000000e+00
1.252800000000000047e+01 0.000000000000000000e+00
1.254199999999999982e+01 0.000000000000000000e+00
1.255600000000000094e+01 0.000000000000000000e+00
1.257000000000000028e+01 0.000000000000000000e+00
1.258399999999999963e+01 0.000000000000000000e+00
1.259799999999999898e+01 0.000000000000000000e+00
1.261200000000000010e+01 0.000000000000000000e+00
1.262599999999999945e+01 0.000000000000000000e+00
1.264000000000000057e+01 0.000000000000000000e+00
1.265399999999999991e+01 0.000000000000000000e+00
1.266799999999999926e+01 0.000000000000000000e+00
1.268200000000000038e+01 0.000000000000000000e+00
1.269599999999999973e+01 0.000000000000000000e+00
1.271000000000000085e+01 0.000000000000000000e+00
1.272400000000000020e+01 0.000000000000000000e+00
1.273799999999999955e+01 0.000000000000000000e+00
1.275200000000000067e+01 0.000000000000000000e+00
1.276600000000000001e+01 0.000000000000000000e+00
1.278000000000000114e+01 0.000000000000000000e+00
1.279400000000000048e+01 0.000000000000000000e+00
1.280799999999999983e+01 0.000000000000000000e+00
1.282199999999999918e+01 0.000000000000000000e+00
1.283600000000000030e+01 0.000000000000000000e+00
1.284999999999999964e+01 0.000000000000000000e+00
1.286400000000000077e+01 0.000000000000000000e+00
1.287800000000000011e+01 0.000000000000000000e+00
1.289199999999999946e+01 0.000000000000000000e+00
1.290600000000000058e+01 0.000000000000000000e+00
1.291999999999999993e+01 0.000000000000000000e+00
1.293400000000000105e+01 0.000000000000000000e+00
1.294800000000000040e+01 0.000000000000000000e+00
1.296199999999999974e+01 0.000000000000000000e+00
1.297599999999999909e+01 0.000000000000000000e+00
1.299000000000000021e+01 0.000000000000000000e+00
1.300400000000000134e+01 0.000000000000000000e+00
1.301800000000000068e+01 0.000000000000000000e+00
1.303200000000000003e+01 0.000000000000000000e+00
1.304599999999999937e+01 0.000000000000000000e+00
1.306000000000000050e+01 0.000000000000000000e+00
1.307399999999999984e+01 0.000000000000000000e+00
1.308800000000000097e+01 0.000000000000000000e+00
1.310200000000000031e+01 0.000000000000000000e+00
1.311599999999999966e+01 0.000000000000000000e+00
1.312999999999999901e+01 0.000000000000000000e+00
1.314400000000000013e+01 0.000000000000000000e+00
1.315800000000000125e+01 0.000000000000000000e+00
1.317200000000000060e+01 0.000000000000000000e+00
1.318599999999999994e+01 0.000000000000000000e+00
1.319999999999999929e+01 0.000000000000000000e+00
1.321400000000000041e+01 0.000000000000000000e+00
1.322799999999999976e+01 0.000000000000000000e+00
1.324200000000000088e+01 0.000000000000000000e+00
1.325600000000000023e+01 0.000000000000000000e+00
1.326999999999999957e+01 0.000000000000000000e+00
1.328399999999999892e+01 0.000000000000000000e+00
1.329800000000000004e+01 0.000000000000000000e+00
1.331200000000000117e+01 0.000000000000000000e+00
1.332600000000000051e+01 0.000000000000000000e+00
1.333999999999999986e+01 0.000000000000000000e+00
1.335399999999999920e+01 0.000000000000000000e+00
1.336800000000000033e+01 0.000000000000000000e+00
1.338199999999999967e+01 0.000000000000000000e+00
1.339600000000000080e+01 0.000000000000000000e+00
1.341000000000000014e+01 0.000000000000000000e+00
1.342399999999999949e+01 0.000000000000000000e+00
1.343799999999999883e+01 0.000000000000000000e+00
1.345199999999999996e+01 0.000000000000000000e+00
1.346600000000000108e+01 0.000000000000000000e+00
1.348000000000000043e+01 0.000000000000000000e+00
1.349399999999999977e+01 0.000000000000000000e+00
1.350799999999999912e+01 0.000000000000000000e+00
1.352200000000000024e+01 0.000000000000000000e+00
1.353600000000000136e+01 0.000000000000000000e+00
1.355000000000000071e+01 0.000000000000000000e+00
1.356400000000000006e+01 0.000000000000000000e+00
1.357799999999999940e+01 0.000000000000000000e+00
1.359200000000000053e+01 0.000000000000000000e+00
1.360599999999999987e+01 0.000000000000000000e+00
1.362000000000000099e+01 0.000000000000000000e+00
1.363400000000000034e+01 0.000000000000000000e+00
1.364799999999999969e+01 0.000000000000000000e+00
1.366199999999999903e+01 0.000000000000000000e+00
1.367600000000000016e+01 0.000000000000000000e+00
1.369000000000000128e+01 0.000000000000000000e+00
1.370400000000000063e+01 0.000000000000000000e+00
1.371799999999999997e+01 0.000000000000000000e+00
1.373199999999999932e+01 0.000000000000000000e+00
1.374600000000000044e+01 0.000000000000000000e+00
1.375999999999999979e+01 0.000000000000000000e+00
1.377400000000000091e+01 0.000000000000000000e+00
1.378800000000000026e+01 0.000000000000000000e+00
1.380199999999999960e+01 0.000000000000000000e+00
1.381599999999999895e+01 0.000000000000000000e+00
1.383000000000000007e+01 0.000000000000000000e+00
1.384400000000000119e+01 0.000000000000000000e+00
1.385800000000000054e+01 0.000000000000000000e+00
1.387199999999999989e+01 0.000000000000000000e+00
1.388599999999999923e+01 0.000000000000000000e+00
1.390000000000000036e+01 0.000000000000000000e+00
1.391399999999999970e+01 0.000000000000000000e+00
1.392800000000000082e+01 0.000000000000000000e+00
1.394200000000000017e+01 0.000000000000000000e+00
1.395599999999999952e+01 0.000000000000000000e+00
1.396999999999999886e+01 0.000000000000000000e+00
1.398399999999999999e+01 0.000000000000000000e+00
1.399800000000000111e+01 0.000000000000000000e+00
1.401200000000000045e+01 0.000000000000000000e+00
1.402599999999999980e+01 0.000000000000000000e+00
1.403999999999999915e+01 0.000000000000000000e+00
1.405400000000000027e+01 0.000000000000000000e+00
1.406800000000000139e+01 0.000000000000000000e+00
1.408200000000000074e+01 0.000000000000000000e+00
1.409600000000000009e+01 0.000000000000000000e+00
1.410999999999999943e+01 0.000000000000000000e+00
1.412399999999999878e+01 0.000000000000000000e+00
1.413799999999999990e+01 0.000000000000000000e+00
1.415200000000000102e+01 0.000000000000000000e+00
1.416600000000000037e+01 0.000000000000000000e+00
1.417999999999999972e+01 0.000000000000000000e+00
1.419399999999999906e+01 0.000000000000000000e+00
1.420800000000000018e+01 0.000000000000000000e+00
1.422200000000000131e+01 0.000000000000000000e+00
1.423600000000000065e+01 0.000000000000000000e+00
1.425000000000000000e+01 0.000000000000000000e+00
1.426399999999999935e+01 0.000000000000000000e+00
1.427800000000000047e+01 0.000000000000000000e+00
1.429199999999999982e+01 0.000000000000000000e+00
1.430600000000000094e+01 0.000000000000000000e+00
1.432000000000000028e+01 0.000000000000000000e+00
1.433399999999999963e+01 0.000000000000000000e+00
1.434799999999999898e+01 0.000000000000000000e+00
1.436200000000000010e+01 0.000000000000000000e+00
1.437600000000000122e+01 0.000000000000000000e+00
1.439000000000000057e+01 0.000000000000000000e+00
1.440399999999999991e+01 0.000000000000000000e+00
1.441799999999999926e+01 0.000000000000000000e+00
1.443200000000000038e+01 0.000000000000000000e+00
1.444599999999999973e+01 0.000000000000000000e+00
1.446000000000000085e+01 0.000000000000000000e+00
1.447400000000000020e+01 0.000000000000000000e+00
1.448799999999999955e+01 0.000000000000000000e+00
1.450199999999999889e+01 0.000000000000000000e+00
1.451600000000000001e+01 0.000000000000000000e+00
1.453000000000000114e+01 0.000000000000000000e+00
1.454400000000000048e+01 0.000000000000000000e+00
1.455799999999999983e+01 0.000000000000000000e+00
1.457199999999999918e+01 0.000000000000000000e+00
1.458600000000000030e+01 0.000000000000000000e+00
1.460000000000000142e+01 0.000000000000000000e+00
1.461400000000000077e+01 0.000000000000000000e+00
1.462800000000000011e+01 0.000000000000000000e+00
1.464199999999999946e+01 0.000000000000000000e+00
1.465599999999999881e+01 0.000000000000000000e+00
1.466999999999999993e+01 0.000000000000000000e+00
1.468400000000000105e+01 0.000000000000000000e+00
1.469800000000000040e+01 0.000000000000000000e+00
1.471199999999999974e+01 0.000000000000000000e+00
1.472599999999999909e+01 0.000000000000000000e+00
1.474000000000000021e+01 0.000000000000000000e+00
1.475400000000000134e+01 0.000000000000000000e+00
1.476800000000000068e+01 0.000000000000000000e+00
1.478200000000000003e+01 0.000000000000000000e+00
1.479599999999999937e+01 0.000000000000000000e+00
1.481000000000000050e+01 0.000000000000000000e+00
1.482399999999999984e+01 0.000000000000000000e+00
1.483800000000000097e+01 0.000000000000000000e+00
1.485200000000000031e+01 0.000000000000000000e+00
1.486599999999999966e+01 0.000000000000000000e+00
1.487999999999999901e+01 0.000000000000000000e+00
1.489400000000000013e+01 0.000000000000000000e+00
1.490800000000000125e+01 0.000000000000000000e+00
1.492200000000000060e+01 0.000000000000000000e+00
1.493599999999999994e+01 0.000000000000000000e+00
1.494999999999999929e+01 0.000000000000000000e+00
1.496400000000000041e+01 0.000000000000000000e+00
1.497799999999999976e+01 0.000000000000000000e+00
1.499200000000000088e+01 0.000000000000000000e+00
1.500600000000000023e+01 0.000000000000000000e+00
1.501999999999999957e+01 0.000000000000000000e+00
1.503399999999999892e+01 0.000000000000000000e+00
1.504800000000000004e+01 0.000000000000000000e+00
1.506200000000000117e+01 0.000000000000000000e+00
1.507600000000000051e+01 0.000000000000000000e+00
1.508999999999999986e+01 0.000000000000000000e+00
1.510399999999999920e+01 0.000000000000000000e+00
1.511800000000000033e+01 0.000000000000000000e+00
1.513200000000000145e+01 0.000000000000000000e+00
1.514600000000000080e+01 0.000000000000000000e+00
1.516000000000000014e+01 0.000000000000000000e+00
1.517399999999999949e+01 0.000000000000000000e+00
1.518799999999999883e+01 0.000000000000000000e+00
1.520199999999999996e+01 0.000000000000000000e+00
1.521600000000000108e+01 0.000000000000000000e+00
1.523000000000000043e+01 0.000000000000000000e+00
1.524399999999999977e+01 0.000000000000000000e+00
1.525799999999999912e+01 0.000000000000000000e+00
1.527200000000000024e+01 0.000000000000000000e+00
1.528600000000000136e+01 0.000000000000000000e+00
1.530000000000000071e+01 0.000000000000000000e+00
1.531400000000000006e+01 0.000000000000000000e+00
1.532799999999999940e+01 0.000000000000000000e+00
1.534200000000000053e+01 0.000000000000000000e+00
1.535599999999999987e+01 0.000000000000000000e+00
1.537000000000000099e+01 0.000000000000000000e+00
1.538400000000000034e+01 0.000000000000000000e+00
1.539799999999999969e+01 0.000000000000000000e+00
1.541199999999999903e+01 0.000000000000000000e+00
1.542600000000000016e+01 0.000000000000000000e+00
1.544000000000000128e+01 0.000000000000000000e+00
1.545400000000000063e+01 0.000000000000000000e+00
1.546799999999999997e+01 0.000000000000000000e+00
1.548199999999999932e+01 0.000000000000000000e+00
1.549600000000000044e+01 0.000000000000000000e+00
1.550999999999999979e+01 0.000000000000000000e+00
1.552400000000000091e+01 0.000000000000000000e+00
1.553800000000000026e+01 0.000000000000000000e+00
1.555199999999999960e+01 0.000000000000000000e+00
1.556599999999999895e+01 0.000000000000000000e+00
1.558000000000000007e+01 0.000000000000000000e+00
1.559400000000000119e+01 0.000000000000000000e+00
1.560800000000000054e+01 0.000000000000000000e+00
1.562199999999999989e+01 0.000000000000000000e+00
1.563599999999999923e+01 0.000000000000000000e+00
1.565000000000000036e+01 0.000000000000000000e+00
1.566399999999999970e+01 0.000000000000000000e+00
1.567800000000000082e+01 0.000000000000000000e+00
1.569200000000000017e+01 0.000000000000000000e+00
1.570599999999999952e+01 0.000000000000000000e+00
1.571999999999999886e+01 0.000000000000000000e+00
1.573399999999999999e+01 0.000000000000000000e+00
1.574800000000000111e+01 0.000000000000000000e+00
1.576200000000000045e+01 0.000000000000000000e+00
1.577599999999999980e+01 0.000000000000000000e+00
1.578999999999999915e+01 0.000000000000000000e+00
1.580400000000000027e+01 0.000000000000000000e+00
1.581800000000000139e+01 0.000000000000000000e+00
1.583200000000000074e+01 0.000000000000000000e+00
1.584600000000000009e+01 0.000000000000000000e+00
1.585999999999999943e+01 0.000000000000000000e+00
1.587400000000000055e+01 0.000000000000000000e+00
1.588799999999999990e+01 0.000000000000000000e+00
1.590200000000000102e+01 0.000000000000000000e+00
1.591600000000000037e+01 0.000000000000000000e+00
1.592999999999999972e+01 0.000000000000000000e+00
1.594399999999999906e+01 0.000000000000000000e+00
1.595800000000000018e+01 0.000000000000000000e+00
1.597200000000000131e+01 0.000000000000000000e+00
1.598600000000000065e+01 0.000000000000000000e+00
1.600000000000000000e+01 0.000000000000000000e+00
1.601399999999999935e+01 0.000000000000000000e+00
1.602799999999999869e+01 0.000000000000000000e+00
1.604200000000000159e+01 0.000000000000000000e+00
1.605600000000000094e+01 0.000000000000000000e+00
1.607000000000000028e+01 0.000000000000000000e+00
1.608399999999999963e+01 0.000000000000000000e+00
1.609799999999999898e+01 0.000000000000000000e+00
1.611200000000000188e+01 0.000000000000000000e+00
1.612600000000000122e+01 0.000000000000000000e+00
1.614000000000000057e+01 0.000000000000000000e+00
1.615399999999999991e+01 0.000000000000000000e+00
1.616799999999999926e+01 0.000000000000000000e+00
1.618200000000000216e+01 0.000000000000000000e+00
1.619599999999999795e+01 0.000000000000000000e+00
1.621000000000000085e+01 0.000000000000000000e+00
1.622400000000000020e+01 0.000000000000000000e+00
1.623799999999999955e+01 0.000000000000000000e+00
1.625199999999999889e+01 0.000000000000000000e+00
1.626599999999999824e+01 0.000000000000000000e+00
1.628000000000000114e+01 0.000000000000000000e+00
1.629400000000000048e+01 0.000000000000000000e+00
1.630799999999999983e+01 0.000000000000000000e+00
1.632199999999999918e+01 0.000000000000000000e+00
1.633599999999999852e+01 0.000000000000000000e+00
1.635000000000000142e+01 0.000000000000000000e+00
1.636400000000000077e+01 0.000000000000000000e+00
1.637800000000000011e+01 0.000000000000000000e+00
1.639199999999999946e+01 0.000000000000000000e+00
1.640599999999999881e+01 0.000000000000000000e+00
1.642000000000000171e+01 0.000000000000000000e+00
1.643400000000000105e+01 0.000000000000000000e+00
1.644800000000000040e+01 0.000000000000000000e+00
1.646199999999999974e+01 0.000000000000000000e+00
1.647599999999999909e+01 0.000000000000000000e+00
1.649000000000000199e+01 0.000000000000000000e+00
1.650400000000000134e+01 0.000000000000000000e+00
1.651800000000000068e+01 0.000000000000000000e+00
1.653200000000000003e+01 0.000000000000000000e+00
1.654599999999999937e+01 0.000000000000000000e+00
1.656000000000000227e+01 0.000000000000000000e+00
1.657399999999999807e+01 0.000000000000000000e+00
1.658800000000000097e+01 0.000000000000000000e+00
1.660200000000000031e+01 0.000000000000000000e+00
1.661599999999999966e+01 0.000000000000000000e+00
1.662999999999999901e+01 0.000000000000000000e+00
1.664399999999999835e+01 0.000000000000000000e+00
1.665800000000000125e+01 0.000000000000000000e+00
1.667200000000000060e+01 0.000000000000000000e+00
1.668599999999999994e+01 0.000000000000000000e+00
1.669999999999999929e+01 0.000000000000000000e+00
1.671399999999999864e+01 0.000000000000000000e+00
1.672800000000000153e+01 0.000000000000000000e+00
1.674200000000000088e+01 0.000000000000000000e+00
1.675600000000000023e+01 0.000000000000000000e+00
1.676999999999999957e+01 0.000000000000000000e+00
1.678399999999999892e+01 0.000000000000000000e+00
1.679800000000000182e+01 0.000000000000000000e+00
1.681200000000000117e+01 0.000000000000000000e+00
1.682600000000000051e+01 0.000000000000000000e+00
1.683999999999999986e+01 0.000000000000000000e+00
1.685399999999999920e+01 0.000000000000000000e+00
1.686800000000000210e+01 0.000000000000000000e+00
1.688200000000000145e+01 0.000000000000000000e+00
1.689600000000000080e+01 0.000000000000000000e+00
1.691000000000000014e+01 0.000000000000000000e+00
1.692399999999999949e+01 0.000000000000000000e+00
1.693799999999999883e+01 0.000000000000000000e+00
1.695199999999999818e+01 0.000000000000000000e+00
1.696600000000000108e+01 0.000000000000000000e+00
1.698000000000000043e+01 0.000000000000000000e+00
1.699399999999999977e+01 0.000000000000000000e+00
1.700800000000000267e+01 0.000000000000000000e+00
1.702199999999999847e+01 0.000000000000000000e+00
1.703600000000000136e+01 0.000000000000000000e+00
1.705000000000000071e+01 0.000000000000000000e+00
1.706400000000000006e+01 0.000000000000000000e+00
1.707799999999999940e+01 0.000000000000000000e+00
1.709199999999999875e+01 0.000000000000000000e+00
1.710600000000000165e+01 0.000000000000000000e+00
1.712000000000000099e+01 0.000000000000000000e+00
1.713400000000000034e+01 0.000000000000000000e+00
1.714799999999999969e+01 0.000000000000000000e+00
1.716199999999999903e+01 0.000000000000000000e+00
1.717600000000000193e+01 0.000000000000000000e+00
1.718999999999999773e+01 0.000000000000000000e+00
1.720400000000000063e+01 0.000000000000000000e+00
1.721799999999999997e+01 0.000000000000000000e+00
1.723199999999999932e+01 0.000000000000000000e+00
1.724600000000000222e+01 0.000000000000000000e+00
1.725999999999999801e+01 0.000000000000000000e+00
1.727400000000000091e+01 0.000000000000000000e+00
1.728800000000000026e+01 0.000000000000000000e+00
1.730199999999999960e+01 0.000000000000000000e+00
1.731600000000000250e+01 0.000000000000000000e+00
1.732999999999999829e+01 0.000000000000000000e+00
1.734400000000000119e+01 0.000000000000000000e+00
1.735800000000000054e+01 0.000000000000000000e+00
1.737199999999999989e+01 0.000000000000000000e+00
1.738600000000000279e+01 0.000000000000000000e+00
1.739999999999999858e+01 0.000000000000000000e+00
1.741400000000000148e+01 0.000000000000000000e+00
1.742800000000000082e+01 0.000000000000000000e+00
1.744200000000000017e+01 0.000000000000000000e+00
1.745599999999999952e+01 0.000000000000000000e+00
1.746999999999999886e+01 0.000000000000000000e+00
1.748400000000000176e+01 0.000000000000000000e+00
1.749799999999999756e+01 0.000000000000000000e+00
1.751200000000000045e+01 0.000000000000000000e+00
1.752599999999999980e+01 0.000000000000000000e+00
1.753999999999999915e+01 0.000000000000000000e+00
1.755400000000000205e+01 0.000000000000000000e+00
1.756799999999999784e+01 0.000000000000000000e+00
1.758200000000000074e+01 0.000000000000000000e+00
1.759600000000000009e+01 0.000000000000000000e+00
1.760999999999999943e+01 0.000000000000000000e+00
1.762400000000000233e+01 0.000000000000000000e+00
1.763799999999999812e+01 0.000000000000000000e+00
1.765200000000000102e+01 0.000000000000000000e+00
1.766600000000000037e+01 0.000000000000000000e+00
1.767999999999999972e+01 0.000000000000000000e+00
1.769400000000000261e+01 0.000000000000000000e+00
1.770799999999999841e+01 0.000000000000000000e+00
1.772200000000000131e+01 0.000000000000000000e+00
1.773600000000000065e+01 0.000000000000000000e+00
1.775000000000000000e+01 0.000000000000000000e+00
1.776399999999999935e+01 0.000000000000000000e+00
1.777799999999999869e+01 0.000000000000000000e+00
1.779200000000000159e+01 0.000000000000000000e+00
1.780600000000000094e+01 0.000000000000000000e+00
1.782000000000000028e+01 0.000000000000000000e+00
1.783399999999999963e+01 0.000000000000000000e+00
1.784799999999999898e+01 0.000000000000000000e+00
1.786200000000000188e+01 0.000000000000000000e+00
1.787599999999999767e+01 0.000000000000000000e+00
1.789000000000000057e+01 0.000000000000000000e+00
1.790399999999999991e+01 0.000000000000000000e+00
1.791799999999999926e+01 0.000000000000000000e+00
1.793200000000000216e+01 0.000000000000000000e+00
1.794599999999999795e+01 0.000000000000000000e+00
1.796000000000000085e+01 0.000000000000000000e+00
1.797400000000000020e+01 0.000000000000000000e+00
1.798799999999999955e+01 0.000000000000000000e+00
1.800200000000000244e+01 0.000000000000000000e+00
1.801599999999999824e+01 0.000000000000000000e+00
1.803000000000000114e+01 0.000000000000000000e+00
1.804400000000000048e+01 0.000000000000000000e+00
1.805799999999999983e+01 0.000000000000000000e+00
1.807200000000000273e+01 0.000000000000000000e+00
1.808599999999999852e+01 0.000000000000000000e+00
1.810000000000000142e+01 0.000000000000000000e+00
1.811400000000000077e+01 0.000000000000000000e+00
1.812800000000000011e+01 0.000000000000000000e+00
1.814199999999999946e+01 0.000000000000000000e+00
1.815599999999999881e+01 0.000000000000000000e+00
1.817000000000000171e+01 0.000000000000000000e+00
1.818400000000000105e+01 0.000000000000000000e+00
1.819800000000000040e+01 0.000000000000000000e+00
1.821199999999999974e+01 0.000000000000000000e+00
1.822599999999999909e+01 0.000000000000000000e+00
1.824000000000000199e+01 0.000000000000000000e+00
1.825399999999999778e+01 0.000000000000000000e+00
1.826800000000000068e+01 0.000000000000000000e+00
1.828200000000000003e+01 0.000000000000000000e+00
1.829599999999999937e+01 0.000000000000000000e+00
1.831000000000000227e+01 0.000000000000000000e+00
1.832399999999999807e+01 0.000000000000000000e+00
1.833800000000000097e+01 0.000000000000000000e+00
1.835200000000000031e+01 0.000000000000000000e+00
1.836599999999999966e+01 0.000000000000000000e+00
1.838000000000000256e+01 0.000000000000000000e+00
1.839399999999999835e+01 0.000000000000000000e+00
1.840800000000000125e+01 0.000000000000000000e+00
1.842200000000000060e+01 0.000000000000000000e+00
1.843599999999999994e+01 0.000000000000000000e+00
1.845000000000000284e+01 0.000000000000000000e+00
1.846399999999999864e+01 0.000000000000000000e+00
1.847800000000000153e+01 0.000000000000000000e+00
1.849200000000000088e+01 0.000000000000000000e+00
1.850600000000000023e+01 0.000000000000000000e+00
1.851999999999999957e+01 0.000000000000000000e+00
1.853399999999999892e+01 0.000000000000000000e+00
1.854800000000000182e+01 0.000000000000000000e+00
1.856199999999999761e+01 0.000000000000000000e+00
1.857600000000000051e+01 0.000000000000000000e+00
1.858999999999999986e+01 0.000000000000000000e+00
1.860399999999999920e+01 0.000000000000000000e+00
1.861800000000000210e+01 0.000000000000000000e+00
1.863199999999999790e+01 0.000000000000000000e+00
1.864600000000000080e+01 0.000000000000000000e+00
1.866000000000000014e+01 0.000000000000000000e+00
1.867399999999999949e+01 0.000000000000000000e+00
1.868800000000000239e+01 0.000000000000000000e+00
1.870199999999999818e+01 0.000000000000000000e+00
1.871600000000000108e+01 0.000000000000000000e+00
1.873000000000000043e+01 0.000000000000000000e+00
1.874399999999999977e+01 0.000000000000000000e+00
1.875800000000000267e+01 0.000000000000000000e+00
1.877199999999999847e+01 0.000000000000000000e+00
1.878600000000000136e+01 0.000000000000000000e+00
1.880000000000000071e+01 0.000000000000000000e+00
1.881400000000000006e+01 0.000000000000000000e+00
1.882799999999999940e+01 0.000000000000000000e+00
1.884199999999999875e+01 0.000000000000000000e+00
1.885600000000000165e+01 0.000000000000000000e+00
1.887000000000000099e+01 0.000000000000000000e+00
1.888400000000000034e+01 0.000000000000000000e+00
1.889799999999999969e+01 0.000000000000000000e+00
1.891199999999999903e+01 0.000000000000000000e+00
1.892600000000000193e+01 0.000000000000000000e+00
1.893999999999999773e+01 0.000000000000000000e+00
1.895400000000000063e+01 0.000000000000000000e+00
1.896799999999999997e+01 0.000000000000000000e+00
1.898199999999999932e+01 0.000000000000000000e+00
1.899600000000000222e+01 0.000000000000000000e+00
1.900999999999999801e+01 0.000000000000000000e+00
1.902400000000000091e+01 0.000000000000000000e+00
1.903800000000000026e+01 0.000000000000000000e+00
1.905199999999999960e+01 0.000000000000000000e+00
1.906600000000000250e+01 0.000000000000000000e+00
1.907999999999999829e+01 0.000000000000000000e+00
1.909400000000000119e+01 0.000000000000000000e+00
1.910800000000000054e+01 0.000000000000000000e+00
1.912199999999999989e+01 0.000000000000000000e+00
1.913600000000000279e+01 0.000000000000000000e+00
1.914999999999999858e+01 0.000000000000000000e+00
1.916400000000000148e+01 0.000000000000000000e+00
1.917800000000000082e+01 0.000000000000000000e+00
1.919200000000000017e+01 0.000000000000000000e+00
1.920599999999999952e+01 0.000000000000000000e+00
1.921999999999999886e+01 0.000000000000000000e+00
1.923400000000000176e+01 0.000000000000000000e+00
1.924799999999999756e+01 0.000000000000000000e+00
1.926200000000000045e+01 0.000000000000000000e+00
1.927599999999999980e+01 0.000000000000000000e+00
1.928999999999999915e+01 0.000000000000000000e+00
1.930400000000000205e+01 0.000000000000000000e+00
1.931799999999999784e+01 0.000000000000000000e+00
1.933200000000000074e+01 0.000000000000000000e+00
1.934600000000000009e+01 0.000000000000000000e+00
1.935999999999999943e+01 0.000000000000000000e+00
1.937400000000000233e+01 0.000000000000000000e+00
1.938799999999999812e+01 0.000000000000000000e+00
1.940200000000000102e+01 0.000000000000000000e+00
1.941600000000000037e+01 0.000000000000000000e+00
1.942999999999999972e+01 0.000000000000000000e+00
1.944400000000000261e+01 0.000000000000000000e+00
1.945799999999999841e+01 0.000000000000000000e+00
1.947200000000000131e+01 0.000000000000000000e+00
1.948600000000000065e+01 0.000000000000000000e+00
1.950000000000000000e+01 0.000000000000000000e+00
1.951399999999999935e+01 0.000000000000000000e+00
1.952799999999999869e+01 0.000000000000000000e+00
1.954200000000000159e+01 0.000000000000000000e+00
1.955600000000000094e+01 0.000000000000000000e+00
1.957000000000000028e+01 0.000000000000000000e+00
1.958399999999999963e+01 0.000000000000000000e+00
1.959799999999999898e+01 0.000000000000000000e+00
1.961200000000000188e+01 0.000000000000000000e+00
1.962599999999999767e+01 0.000000000000000000e+00
1.964000000000000057e+01 0.000000000000000000e+00
1.965399999999999991e+01 0.000000000000000000e+00
1.966799999999999926e+01 0.000000000000000000e+00
1.968200000000000216e+01 0.000000000000000000e+00
1.969599999999999795e+01 0.000000000000000000e+00
1.971000000000000085e+01 0.000000000000000000e+00
1.972400000000000020e+01 0.000000000000000000e+00
1.973799999999999955e+01 0.000000000000000000e+00
1.975200000000000244e+01 0.000000000000000000e+00
1.976599999999999824e+01 0.000000000000000000e+00
1.978000000000000114e+01 0.000000000000000000e+00
1.979400000000000048e+01 0.000000000000000000e+00
1.980799999999999983e+01 0.000000000000000000e+00
1.982200000000000273e+01 0.000000000000000000e+00
1.983599999999999852e+01 0.000000000000000000e+00
1.985000000000000142e+01 0.000000000000000000e+00
1.986400000000000077e+01 0.000000000000000000e+00
1.987800000000000011e+01 0.000000000000000000e+00
1.989199999999999946e+01 0.000000000000000000e+00
1.990599999999999881e+01 0.000000000000000000e+00
1.992000000000000171e+01 0.000000000000000000e+00
1.993400000000000105e+01 0.000000000000000000e+00
1.994800000000000040e+01 0.000000000000000000e+00
1.996199999999999974e+01 0.000000000000000000e+00
1.997599999999999909e+01 0.000000000000000000e+00
1.999000000000000199e+01 0.000000000000000000e+00
2.000399999999999778e+01 0.000000000000000000e+00
2.001800000000000068e+01 0.000000000000000000e+00
2.003200000000000003e+01 0.000000000000000000e+00
2.004599999999999937e+01 0.000000000000000000e+00
2.006000000000000227e+01 0.000000000000000000e+00
2.007399999999999807e+01 0.000000000000000000e+00
2.008800000000000097e+01 0.000000000000000000e+00
2.010200000000000031e+01 0.000000000000000000e+00
2.011599999999999966e+01 0.000000000000000000e+00
2.013000000000000256e+01 0.000000000000000000e+00
2.014399999999999835e+01 0.000000000000000000e+00
2.015800000000000125e+01 0.000000000000000000e+00
2.017200000000000060e+01 0.000000000000000000e+00
2.018599999999999994e+01 0.000000000000000000e+00
2.020000000000000284e+01 0.000000000000000000e+00
2.021399999999999864e+01 0.000000000000000000e+00
2.022800000000000153e+01 0.000000000000000000e+00
2.024200000000000088e+01 0.000000000000000000e+00
2.025600000000000023e+01 0.000000000000000000e+00
2.026999999999999957e+01 0.000000000000000000e+00
2.028399999999999892e+01 0.000000000000000000e+00
2.029800000000000182e+01 0.000000000000000000e+00
2.031199999999999761e+01 0.000000000000000000e+00
2.032600000000000051e+01 0.000000000000000000e+00
2.033999999999999986e+01 0.000000000000000000e+00
2.035399999999999920e+01 0.000000000000000000e+00
2.036800000000000210e+01 0.000000000000000000e+00
2.038199999999999790e+01 0.000000000000000000e+00
2.039600000000000080e+01 0.000000000000000000e+00
2.041000000000000014e+01 0.000000000000000000e+00
2.042399999999999949e+01 0.000000000000000000e+00
2.043800000000000239e+01 0.000000000000000000e+00
2.045199999999999818e+01 0.000000000000000000e+00
2.046600000000000108e+01 0.000000000000000000e+00
2.048000000000000043e+01 0.000000000000000000e+00
2.049399999999999977e+01 0.000000000000000000e+00
2.050800000000000267e+01 0.000000000000000000e+00
2.052199999999999847e+01 0.000000000000000000e+00
2.053600000000000136e+01 0.000000000000000000e+00
2.055000000000000071e+01 0.000000000000000000e+00
2.056400000000000006e+01 0.000000000000000000e+00
2.057799999999999940e+01 0.000000000000000000e+00
2.059199999999999875e+01 0.000000000000000000e+00
2.060600000000000165e+01 0.000000000000000000e+00
2.062000000000000099e+01 0.000000000000000000e+00
2.063400000000000034e+01 0.000000000000000000e+00
2.064799999999999969e+01 0.000000000000000000e+00
2.066199999999999903e+01 0.000000000000000000e+00
2.067600000000000193e+01 0.000000000000000000e+00
2.068999999999999773e+01 0.000000000000000000e+00
2.070400000000000063e+01 0.000000000000000000e+00
2.071799999999999997e+01 0.000000000000000000e+00
2.073199999999999932e+01 0.000000000000000000e+00
2.074600000000000222e+01 0.000000000000000000e+00
2.075999999999999801e+01 0.000000000000000000e+00
2.077400000000000091e+01 0.000000000000000000e+00
2.078800000000000026e+01 0.000000000000000000e+00
2.080199999999999960e+01 0.000000000000000000e+00
2.081600000000000250e+01 0.000000000000000000e+00
2.082999999999999829e+01 0.000000000000000000e+00
2.084400000000000119e+01 0.000000000000000000e+00
2.085800000000000054e+01 0.000000000000000000e+00
2.087199999999999989e+01 0.000000000000000000e+00
2.088600000000000279e+01 0.000000000000000000e+00
2.089999999999999858e+01 0.000000000000000000e+00
2.091400000000000148e+01 0.000000000000000000e+00
2.092800000000000082e+01 0.000000000000000000e+00
2.094200000000000017e+01 0.000000000000000000e+00
2.095599999999999952e+01 0.000000000000000000e+00
2.096999999999999886e+01 0.000000000000000000e+00
2.098400000000000176e+01 0.000000000000000000e+00
2.099800000000000111e+01 0.000000000000000000e+00
2.101200000000000045e+01 0.000000000000000000e+00
2.102599999999999980e+01 0.000000000000000000e+00
2.103999999999999915e+01 0.000000000000000000e+00
2.105400000000000205e+01 0.000000000000000000e+00
2.106799999999999784e+01 0.000000000000000000e+00
2.108200000000000074e+01 0.000000000000000000e+00
2.109600000000000009e+01 0.000000000000000000e+00
2.110999999999999943e+01 0.000000000000000000e+00
2.112400000000000233e+01 0.000000000000000000e+00
2.113799999999999812e+01 0.000000000000000000e+00
2.115200000000000102e+01 0.000000000000000000e+00
2.116600000000000037e+01 0.000000000000000000e+00
2.117999999999999972e+01 0.000000000000000000e+00
2.119400000000000261e+01 0.000000000000000000e+00
2.120799999999999841e+01 0.000000000000000000e+00
2.122200000000000131e+01 0.000000000000000000e+00
2.123600000000000065e+01 0.000000000000000000e+00
2.125000000000000000e+01 0.000000000000000000e+00
2.126400000000000290e+01 0.000000000000000000e+00
2.127799999999999869e+01 0.000000000000000000e+00
2.129200000000000159e+01 0.000000000000000000e+00
2.130600000000000094e+01 0.000000000000000000e+00
2.132000000000000028e+01 0.000000000000000000e+00
2.133399999999999963e+01 0.000000000000000000e+00
2.134799999999999898e+01 0.000000000000000000e+00
2.136200000000000188e+01 0.000000000000000000e+00
2.137599999999999767e+01 0.000000000000000000e+00
2.139000000000000057e+01 0.000000000000000000e+00
2.140399999999999991e+01 0.000000000000000000e+00
2.141799999999999926e+01 0.000000000000000000e+00
2.143200000000000216e+01 0.000000000000000000e+00
2.144599999999999795e+01 0.000000000000000000e+00
2.146000000000000085e+01 0.000000000000000000e+00
2.147400000000000020e+01 0.000000000000000000e+00
2.148799999999999955e+01 0.000000000000000000e+00
2.150200000000000244e+01 0.000000000000000000e+00
2.151599999999999824e+01 0.000000000000000000e+00
2.153000000000000114e+01 0.000000000000000000e+00
2.154400000000000048e+01 0.000000000000000000e+00
2.155799999999999983e+01 0.000000000000000000e+00
2.157200000000000273e+01 0.000000000000000000e+00
2.158599999999999852e+01 0.000000000000000000e+00
2.160000000000000142e+01 0.000000000000000000e+00
2.161400000000000077e+01 0.000000000000000000e+00
2.162800000000000011e+01 0.000000000000000000e+00
2.164199999999999946e+01 0.000000000000000000e+00
2.165599999999999881e+01 0.000000000000000000e+00
2.167000000000000171e+01 0.000000000000000000e+00
2.168400000000000105e+01 0.000000000000000000e+00
2.169800000000000040e+01 0.000000000000000000e+00
2.171199999999999974e+01 0.000000000000000000e+00
2.172599999999999909e+01 0.000000000000000000e+00
2.174000000000000199e+01 0.000000000000000000e+00
2.175399999999999778e+01 0.000000000000000000e+00
2.176800000000000068e+01 0.000000000000000000e+00
2.178200000000000003e+01 0.000000000000000000e+00
2.179599999999999937e+01 0.000000000000000000e+00
2.181000000000000227e+01 0.000000000000000000e+00
2.182399999999999807e+01 0.000000000000000000e+00
2.183800000000000097e+01 0.000000000000000000e+00
2.185200000000000031e+01 0.000000000000000000e+00
2.186599999999999966e+01 0.000000000000000000e+00
2.188000000000000256e+01 0.000000000000000000e+00
2.189399999999999835e+01 0.000000000000000000e+00
2.190800000000000125e+01 0.000000000000000000e+00
2.192200000000000060e+01 0.000000000000000000e+00
2.193599999999999994e+01 0.000000000000000000e+00
2.195000000000000284e+01 0.000000000000000000e+00
2.196399999999999864e+01 0.000000000000000000e+00
2.197800000000000153e+01 0.000000000000000000e+00
2.199200000000000088e+01 0.000000000000000000e+00
2.200600000000000023e+01 0.000000000000000000e+00
2.201999999999999957e+01 0.000000000000000000e+00
2.203399999999999892e+01 0.000000000000000000e+00
2.204800000000000182e+01 0.000000000000000000e+00
2.206199999999999761e+01 0.000000000000000000e+00
2.207600000000000051e+01 0.000000000000000000e+00
2.208999999999999986e+01 0.000000000000000000e+00
2.210399999999999920e+01 0.000000000000000000e+00
2.211800000000000210e+01 0.000000000000000000e+00
2.213199999999999790e+01 0.000000000000000000e+00
2.214600000000000080e+01 0.000000000000000000e+00
2.216000000000000014e+01 0.000000000000000000e+00
2.217399999999999949e+01 0.000000000000000000e+00
2.218800000000000239e+01 0.000000000000000000e+00
2.220199999999999818e+01 0.000000000000000000e+00
2.221600000000000108e+01 0.000000000000000000e+00
2.223000000000000043e+01 0.000000000000000000e+00
2.224399999999999977e+01 0.000000000000000000e+00
2.225800000000000267e+01 0.000000000000000000e+00
2.227199999999999847e+01 0.000000000000000000e+00
2.228600000000000136e+01 0.000000000000000000e+00
2.230000000000000071e+01 0.000000000000000000e+00
2.231400000000000006e+01 0.000000000000000000e+00
2.232799999999999940e+01 0.000000000000000000e+00
2.234199999999999875e+01 0.000000000000000000e+00
2.235600000000000165e+01 0.000000000000000000e+00
2.237000000000000099e+01 0.000000000000000000e+00
2.238400000000000034e+01 0.000000000000000000e+00
2.239799999999999969e+01 0.000000000000000000e+00
2.241199999999999903e+01 0.000000000000000000e+00
2.242600000000000193e+01 0.000000000000000000e+00
2.243999999999999773e+01 0.000000000000000000e+00
2.245400000000000063e+01 0.000000000000000000e+00
2.246799999999999997e+01 0.000000000000000000e+00
2.248199999999999932e+01 0.000000000000000000e+00
2.249600000000000222e+01 0.000000000000000000e+00
2.250999999999999801e+01 0.000000000000000000e+00
2.252400000000000091e+01 0.000000000000000000e+00
2.253800000000000026e+01 0.000000000000000000e+00
2.255199999999999960e+01 0.000000000000000000e+00
2.256600000000000250e+01 0.000000000000000000e+00
2.257999999999999829e+01 0.000000000000000000e+00
2.259400000000000119e+01 0.000000000000000000e+00
2.260800000000000054e+01 0.000000000000000000e+00
2.262199999999999989e+01 0.000000000000000000e+00
2.263600000000000279e+01 0.000000000000000000e+00
2.264999999999999858e+01 0.000000000000000000e+00
2.266400000000000148e+01 0.000000000000000000e+00
2.267800000000000082e+01 0.000000000000000000e+00
2.269200000000000017e+01 0.000000000000000000e+00
2.270599999999999952e+01 0.000000000000000000e+00
2.271999999999999886e+01 0.000000000000000000e+00
2.273400000000000176e+01 0.000000000000000000e+00
2.274800000000000111e+01 0.000000000000000000e+00
2.276200000000000045e+01 0.000000000000000000e+00
2.277599999999999980e+01 0.000000000000000000e+00
2.278999999999999915e+01 0.000000000000000000e+00
2.280400000000000205e+01 0.000000000000000000e+00
2.281799999999999784e+01 0.000000000000000000e+00
2.283200000000000074e+01 0.000000000000000000e+00
2.284600000000000009e+01 0.000000000000000000e+00
2.285999999999999943e+01 0.000000000000000000e+00
2.287400000000000233e+01 0.000000000000000000e+00
2.288799999999999812e+01 0.000000000000000000e+00
2.290200000000000102e+01 0.000000000000000000e+00
2.291600000000000037e+01 0.000000000000000000e+00
2.292999999999999972e+01 0.000000000000000000e+00
2.294400000000000261e+01 0.000000000000000000e+00
2.295799999999999841e+01 0.000000000000000000e+00
2.297200000000000131e+01 0.000000000000000000e+00
2.298600000000000065e+01 0.000000000000000000e+00
2.300000000000000000e+01 0.000000000000000000e+00
