1.066574741820572036e+01 0.000000000000000000e+00
1.118945965528973119e+01 0.000000000000000000e+00
1.240774070046044919e+01 0.000000000000000000e+00
1.303821523276030092e+01 0.000000000000000000e+00
1.327264226010504622e+01 0.000000000000000000e+00
1.400481096436883810e+01 0.000000000000000000e+00
1.416035377579696330e+01 0.000000000000000000e+00
1.497706231335419247e+01 0.000000000000000000e+00
1.585674020742394497e+01 0.000000000000000000e+00
1.360733431668426796e+01 0.000000000000000000e+00
1.713465285878350741e+01 0.000000000000000000e+00
1.475833952918061343e+01 0.000000000000000000e+00
1.456564717024689770e+01 0.000000000000000000e+00
1.625495237925240133e+01 0.000000000000000000e+00
1.784187224673014072e+01 0.000000000000000000e+00
1.848005495230984607e+01 0.000000000000000000e+00
1.816223858966682059e+01 0.000000000000000000e+00
1.850497760145550430e+01 0.000000000000000000e+00
1.551528475737370094e+01 0.000000000000000000e+00
1.567707204087154871e+01 0.000000000000000000e+00
1.911812228155173798e+01 0.000000000000000000e+00
1.926744619962168414e+01 0.000000000000000000e+00
1.916477323359667650e+01 0.000000000000000000e+00
1.927467654071589820e+01 0.000000000000000000e+00
1.817231197783315721e+01 0.000000000000000000e+00
1.961008534557048577e+01 0.000000000000000000e+00
1.979978989278679435e+01 0.000000000000000000e+00
1.999145774250830243e+01 0.000000000000000000e+00
2.010603651237529022e+01 0.000000000000000000e+00
1.951506041563002825e+01 0.000000000000000000e+00
2.074871889505852351e+01 0.000000000000000000e+00
2.007159667607813702e+01 0.000000000000000000e+00
2.063778590856317763e+01 0.000000000000000000e+00
2.066419157900973502e+01 0.000000000000000000e+00
1.963031130707810235e+01 0.000000000000000000e+00
1.918324242711878824e+01 0.000000000000000000e+00
1.926235793993637202e+01 0.000000000000000000e+00
2.093694912861956325e+01 0.000000000000000000e+00
1.972858119646887332e+01 0.000000000000000000e+00
2.034703699761687545e+01 0.000000000000000000e+00
2.051474520963855142e+01 0.000000000000000000e+00
2.044978860458530079e+01 0.000000000000000000e+00
2.049230804976997788e+01 0.000000000000000000e+00
2.215259202856183762e+01 0.000000000000000000e+00
2.065164848417845533e+01 0.000000000000000000e+00
2.212978316096828735e+01 0.000000000000000000e+00
2.120817440429564016e+01 0.000000000000000000e+00
2.226731964478425496e+01 0.000000000000000000e+00
2.251609714814662055e+01 0.000000000000000000e+00
2.119738698899300289e+01 0.000000000000000000e+00
