5.000000000000000000e+01 2.225114219537221061e+01 0.000000000000000000e+00
1.300000000000000000e+01 1.702308258130195995e+01 0.000000000000000000e+00
2.300000000000000000e+01 1.908080538393332048e+01 0.000000000000000000e+00
2.200000000000000000e+01 1.929726037003235817e+01 0.000000000000000000e+00
2.100000000000000000e+01 1.926102866304679040e+01 0.000000000000000000e+00
2.000000000000000000e+01 1.871705427329229465e+01 0.000000000000000000e+00
1.900000000000000000e+01 1.789149767691137782e+01 0.000000000000000000e+00
1.800000000000000000e+01 1.632999461760241999e+01 0.000000000000000000e+00
1.700000000000000000e+01 1.711352565571066009e+01 0.000000000000000000e+00
1.600000000000000000e+01 1.650409315480215255e+01 0.000000000000000000e+00
1.500000000000000000e+01 1.777421191697501612e+01 0.000000000000000000e+00
1.400000000000000000e+01 1.661798402047590528e+01 0.000000000000000000e+00
1.200000000000000000e+01 1.519966952487801848e+01 0.000000000000000000e+00
4.900000000000000000e+01 2.179890859169480066e+01 0.000000000000000000e+00
1.100000000000000000e+01 1.541043079764095225e+01 0.000000000000000000e+00
1.000000000000000000e+01 1.422146976385468875e+01 0.000000000000000000e+00
9.000000000000000000e+00 1.533783540837721127e+01 0.000000000000000000e+00
8.000000000000000000e+00 1.586905037266896557e+01 0.000000000000000000e+00
7.000000000000000000e+00 1.444173026424014949e+01 0.000000000000000000e+00
6.000000000000000000e+00 1.455198976858642190e+01 0.000000000000000000e+00
5.000000000000000000e+00 1.378550367932361986e+01 0.000000000000000000e+00
4.000000000000000000e+00 1.323471501078304513e+01 0.000000000000000000e+00
3.000000000000000000e+00 1.286969911427209823e+01 0.000000000000000000e+00
2.000000000000000000e+00 1.157182037027688892e+01 0.000000000000000000e+00
2.400000000000000000e+01 1.931978134101445121e+01 0.000000000000000000e+00
2.500000000000000000e+01 1.861739116022380358e+01 0.000000000000000000e+00
2.600000000000000000e+01 1.961927354689485981e+01 0.000000000000000000e+00
2.700000000000000000e+01 1.982658332568159665e+01 0.000000000000000000e+00
4.800000000000000000e+01 2.178537881149947708e+01 0.000000000000000000e+00
4.700000000000000000e+01 2.141657808136085350e+01 0.000000000000000000e+00
4.600000000000000000e+01 2.094325781959473076e+01 0.000000000000000000e+00
4.500000000000000000e+01 2.072380767470064811e+01 0.000000000000000000e+00
4.400000000000000000e+01 2.057078899273732731e+01 0.000000000000000000e+00
4.300000000000000000e+01 2.083196781953278531e+01 0.000000000000000000e+00
4.200000000000000000e+01 2.117010647203850127e+01 0.000000000000000000e+00
4.100000000000000000e+01 2.029552853855606287e+01 0.000000000000000000e+00
4.000000000000000000e+01 1.960484633473023308e+01 0.000000000000000000e+00
3.900000000000000000e+01 1.972119792730599386e+01 0.000000000000000000e+00
3.800000000000000000e+01 2.008654661923998930e+01 0.000000000000000000e+00
3.700000000000000000e+01 2.050193435463231850e+01 0.000000000000000000e+00
3.600000000000000000e+01 2.012473917970899961e+01 0.000000000000000000e+00
3.500000000000000000e+01 1.954769994570426306e+01 0.000000000000000000e+00
3.400000000000000000e+01 1.947028868286873760e+01 0.000000000000000000e+00
3.300000000000000000e+01 2.042252468658249853e+01 0.000000000000000000e+00
3.200000000000000000e+01 2.029597752665647548e+01 0.000000000000000000e+00
3.100000000000000000e+01 2.070056206413711664e+01 0.000000000000000000e+00
3.000000000000000000e+01 2.033550208515413260e+01 0.000000000000000000e+00
2.900000000000000000e+01 1.961108291549697569e+01 0.000000000000000000e+00
2.800000000000000000e+01 1.970516088871487526e+01 0.000000000000000000e+00
1.000000000000000000e+00 1.073320393457712107e+01 0.000000000000000000e+00
